%YAML:1.0
CameraType: kb
#--------------------------------------------------------------------------------------------
# Camera Parameters. Adjust them!
#--------------------------------------------------------------------------------------------
# Camera calibration and distortion parameters (OpenCV)
id : 3
name : 3
topic: "/"
mirror_parameters:
  xi: 0.0

distortion_parameters:
  k1: 0.1349088261
  k2: -0.0366309794
  p1: 0
  p2: 0
  k3: -0.0001722218
  k4: 0.0006324338
  k5: 0
  k6: 0
projection_parameters:
  fx: 507.8614174141
  fy: 508.3029120897
  cx: 959.9580410523
  cy: 765.1434716067
  # 271.56828125
# projection_parameters:
#   gamma1: 1120.81
#   gamma2: 1121.99
#   u0: 970.289
#   # v0: 772.506
#   v0: 543.16828125

# 目前仅支持4个相机一样的配置，不一样会引发未知错误
orign_x: 1920
orign_y: 1080
input_x: 960
input_y: 768
output_x: 960
output_y: 768

Tbc: !!opencv-matrix
   rows: 4
   cols: 4
   dt: f
   data: [0.99928744, -0.0354434 , -0.01297643, 0.03746,
          0.01294268, -0.00118169,  0.99991554, 0.10739,
          -0.03545574, -0.99937099, -0.00072211, 1.51,
          0.0, 0.0, 0.0, 1.0]
  #  data: [0.9995443, 0.0294430, -0.0066601, 0.03746,
  #         0.0061835, 0.0162493, 0.9998488, 0.10739,
  #         0.0295467, -0.9994344, 0.0160598, 0.0,
  #         0.0, 0.0, 0.0, 1.0]


Path.front_mask: config/highlander/camera_config/mask_front.png

Camera.fps: 30.0

# Color order of the images (0: BGR, 1: RGB. It is ignored if images are grayscale)
Camera.RGB: 1
